Run 1:
"w1 = 5, w2 = 3 w3 = NA
Time for run: 272.7400951385498
2048
[1024, 2048, 1024, 1024, 2048, 2048, 1024, 1024, 1024, 2048]
Average Tile: [134.75, 265.25, 120.125, 158.375, 188.875, 203.875, 148.375, 133.625, 134.125, 197.625]
Median Tile: [32.0, 24.0, 12.0, 8.0, 24.0, 32.0, 20.0, 12.0, 12.0, 8.0]
Max Tile: [1024, 2048, 1024, 1024, 2048, 2048, 1024, 1024, 1024, 2048]
Time: [189.31504893302917, 346.3611116409302, 155.0782346725464, 223.1625475883484, 
258.740820646286, 284.4515631198883, 199.65018272399902, 171.1611111164093, 174.15172410011292, 272.7400951385498]

Run 2:
w1 = 3, w2 = 3 w3 = NA
Time for run: 263.3081605434418
2048
[2048, 512, 512, 512, 2048, 512, 2048, 2048, 2048, 2048]
Average Tile: [182.875, 97.75, 76.0, 72.0, 266.5, 87.75, 227.75, 269.0, 204.875, 194.75]
Median Tile: [24.0, 8.0, 12.0, 16.0, 48.0, 24.0, 8.0, 48.0, 24.0, 16.0]
Max Tile: [2048, 512, 512, 512, 2048, 512, 2048, 2048, 2048, 2048]
Time: [245.26974296569824, 126.31578207015991, 108.79804706573486, 88.75720524787903, 
365.60190868377686, 119.60646176338196, 314.99936985969543, 369.1534254550934, 269.22271513938904, 263.3081605434418]

Run 3:
w1 = 5, w2 = 1, w3 = 5
Time for run: 169.55783033370972
1024
[1024, 512, 1024, 1024, 2048, 1024, 1024, 1024, 512, 1024]
Average Tile: [132.125, 68.375, 154.375, 109.125, 162.25, 130.5, 123.625, 166.0, 64.0, 108.375]
Median Tile: [12.0, 12.0, 24.0, 12.0, 12.0, 12.0, 24.0, 16.0, 16.0, 16.0]
Max Tile: [1024, 512, 1024, 1024, 2048, 1024, 1024, 1024, 512, 1024]
Time: [225.2467906475067, 111.28178715705872, 264.6996808052063, 175.14182591438293, 247.2846474647522, 
206.68837881088257, 193.50733280181885, 259.3999111652374, 101.94854950904846, 169.55783033370972]

Run 4:
w1 = 1, w2 = 1, w3 = 0
Time for run: 231.50033736228943
1024
[1024, 2048, 2048, 1024, 2048, 1024, 512, 512, 1024, 1024]
Average Tile: [131.75, 260.75, 251.25, 137.5, 171.625, 130.0, 64.75, 63.625, 135.75, 134.875]
Median Tile: [16.0, 24.0, 16.0, 16.0, 24.0, 12.0, 16.0, 4.0, 24.0, 24.0]
Max Tile: [1024, 2048, 2048, 1024, 2048, 1024, 512, 512, 1024, 1024]
Time: [189.2960958480835, 359.01149702072144, 353.7553882598877, 204.89397597312927, 
310.15836572647095, 254.51697182655334, 149.4241669178009, 163.29349660873413, 242.0944321155548, 231.4983422756195]

Run 5: 
w1 = 2, w2 = 1, w3 = 0